0.14 0.76 0.37 0.36 0.97 0.03
0.1 0.55 0.86 0.92 0.98 0.08
0.15 0.99 0.06 0.77 0.54 0.03
0.0 0.45 0.04 0.8 0.4 0.21
0.51 0.86 0.12 0.14 0.99 0.23
0.67 0.9 0.21 0.51 0.97 0.64
0.34 0.51 0.59 0.57 0.37 0.05
0.85 0.84 0.36 0.23 0.27 0.21
0.1 0.94 0.7 0.64 0.79 0.13
0.37 0.46 0.28 0.23 0.06 0.03
0.56 0.74 0.76 0.64 0.33 0.03
0.65 0.95 0.54 0.97 0.5 0.15
0.35 0.66 0.63 0.63 0.82 0.75
0.89 0.34 0.67 0.76 0.42 0.7
0.07 0.19 0.98 0.51 0.61 0.13
0.04 0.62 0.49 0.67 0.41 0.05
0.81 0.98 0.53 0.11 0.07 0.08
0.42 0.27 0.55 0.13 0.68 0.21
0.26 0.87 0.88 0.29 0.41 0.23
0.79 0.44 0.6 0.32 0.39 0.08
0.62 0.24 0.63 0.91 0.14 0.86
0.72 0.4 0.19 0.77 0.64 0.1
0.09 0.74 0.97 0.39 0.7 0.13
0.56 0.41 0.55 0.56 0.99 0.1
0.96 0.34 0.82 0.49 0.17 0.08
0.89 0.96 0.56 0.18 0.79 0.03
0.31 0.63 0.28 0.39 0.65 0.08
0.59 0.27 0.42 0.95 0.36 0.85
0.96 0.87 0.33 0.1 0.34 0.36
0.62 0.65 0.95 0.13 0.67 0.82
0.59 0.24 0.67 0.03 0.39 0.51
0.47 0.12 0.5 0.72 0.55 0.49
